,hbond_don_sc_atom_5_P,hbond_acc_sc_atom_5_P,hbond_don_bb_atom_5_P,hbond_acc_bb_atom_5_P,hbond_don_sc_atom_5_7.5_P,hbond_acc_sc_atom_5_7.5_P,hbond_don_bb_atom_5_7.5_P,hbond_acc_bb_atom_5_7.5_P,saas_P_7.5,b_factor,disorder,ss_helix,ss_beta,ss_loop,disulfide_bridge,pocket,1D_prox_left_7.5,1D_prox_right_7.5,3D_prox_right_7.5,steric_P_7.5,HPB_P_7.5,DON_P_7.5,ACP_P_7.5,ARM_P_7.5,POS_P_7.5,NEG_P_7.5,SSB_P_7.5,ARO_STACK_P_7.5,HB_P_7.5,HYDROPHOBIC_P_7.5,REPULSIVE_P_7.5,SALT_BRIDGES_P_7.5,P_P_7.5,ARO_P_7.5,ALI_P_7.5,A_P_7.5,B_P_7.5,CYS_P_7.5,ASP_P_7.5,SER_P_7.5,GLN_P_7.5,LYS_P_7.5,ILE_P_7.5,PRO_P_7.5,THR_P_7.5,PHE_P_7.5,ASN_P_7.5,GLY_P_7.5,HIS_P_7.5,LEU_P_7.5,ARG_P_7.5,TRP_P_7.5,ALA_P_7.5,VAL_P_7.5,GLU_P_7.5,TYR_P_7.5,MET_P_7.5,fa_atr,fa_rep,fa_sol,fa_intra_rep,fa_intra_sol_xover4,lk_ball_wtd,fa_elec,pro_close,hbond_sr_bb,hbond_lr_bb,hbond_bb_sc,dslf_fa13,omega,fa_dun,p_aa_pp,rama_prepro,buriedness,pka_desolvation,pka_hb,pka_hb_bb,pka_hb_elec,ratio_mean
hbond_don_sc_atom_5_P,1.0,0.57061444056966,-0.05175073378287712,-0.16800769530575302,0.06383929106914708,0.0762922217094252,-0.06397626025868831,0.009328960764970643,-0.009203518647497286,-0.03537822430027914,-0.007647904504985322,0.004926028656633004,-0.1254988061027906,0.03349826990075152,0.012195121925333374,0.12729401147470382,-0.031760789015956595,0.013451836096057608,-0.02665259135493775,0.11121101573429344,-0.24546924168794948,0.37296423096009207,0.18550953826297661,0.11099924566504368,0.4654027198772739,0.12489906680790594,0.26169518929665686,0.08211566442885564,0.07941694497929469,-0.08073671770744725,0.2152084553403134,0.28185284269271865,0.16744134543423742,-0.03505469220039695,-0.2957235453559992,0.050259414885534925,0.27816297821557295,0.2613016549100504,-0.014429912645255404,0.05486779995061628,0.051250303515278255,0.006800474952469028,-0.10239855472669884,0.0657805586017067,-0.036634038721396,-0.15695516332069634,0.036953644305729075,-0.09004004633966899,0.19314653446779276,-0.12039580693379777,0.26592601364900387,0.06929219787430711,-0.056300247595757864,-0.16946494927759426,0.076083762845927,0.07379809895050535,-0.09086483786540805,0.003864953490563386,-0.006958177992320224,0.000925611765964751,-0.020458020390918215,0.01866285852581249,-0.015075839478997734,0.013867423426112533,0.013877697020250278,0.007296518093813029,0.04838676359839341,-0.0716907665454605,0.012462676300659531,-0.006115881484287454,-0.023721419993714746,0.04630326558177549,0.05343395669470734,-0.028464785913946015,-0.028470779433813466,0.02737036078345904,0.02737036078345904,0.012186141931961754,-0.012041818005908518
hbond_acc_sc_atom_5_P,0.57061444056966,1.0,0.02646158363468678,-0.1690906607160987,0.09797643551510879,0.07247371888166688,-0.04792981006002602,0.03894584206283488,0.06475494394514189,-0.060130753038612816,0.032086841243704464,0.009790749391157033,-0.13664410158374923,0.028674436917395105,0.014124936254368035,0.16730523446256756,-0.059807710930514846,0.04082283174605246,0.05043973182063237,0.0120595869880455,-0.20133672591112123,0.27107164815126866,0.3512832215727712,0.09444985569610266,0.1737145690214976,0.41298271542950055,0.2377153125323269,0.02804795404058411,0.08979905083137298,-0.04725891696250782,0.14983856176505667,0.1938707583752301,0.15896046516976012,-0.0003357072659955929,-0.2950978790217989,0.1963834565385001,0.11568943447414784,0.20698063525458724,0.12069920534603513,0.06765292401746405,0.036548230803557506,-0.020345282084983263,-0.09227950863647263,0.08806322737979189,-0.03567145280323912,-0.13467310768179033,0.03590887861807208,0.0013091129552098846,0.17108900008825215,-0.19053694266898397,0.07268144235958623,0.050792418319030995,-0.048901096096137554,-0.18988780368810576,0.14375705468696576,0.11870520692244049,-0.06764125684116284,0.0005259469771886166,0.005032620475753001,0.005498778499043329,-0.029149941950003807,-0.004464237589328511,-0.02424259644752805,0.010724020464227825,-0.016343948158357286,0.039543093667413105,0.054869140181530905,-0.17517634559412795,0.02609272333539722,-0.016629565334810702,-0.005571789057326167,0.046699237305527976,-0.017451847159749376,-0.02798249075225449,-0.027988382720484074,0.026906609093229606,0.026906609093229606,0.011979665153557775,-0.0010533670850707529
hbond_don_bb_atom_5_P,-0.05175073378287712,0.02646158363468678,1.0,0.18626928212278107,0.1347584012507818,0.17265254281688527,-0.3712935228587544,0.16136902298737038,0.25684197097665296,-0.08976703534593089,0.05326595752840899,-0.2535359537439807,0.033522701458842785,0.03698050442818054,0.016183650703126128,-0.08109703154234962,-0.02199788896777507,0.02628384647041321,0.013958430630457696,0.09147808047711556,-0.2643421862480262,0.23931960619869536,0.316025394866397,-0.09309388128738899,-0.0741368710779822,0.0450598294647511,0.13503918283189686,-0.0781533364616263,0.16912983533319856,-0.08788018029068777,-0.04578353597268698,0.028648224715085744,0.11199617319349173,-0.016291183162779953,-0.10983910783138874,0.07480413559017479,-0.01985449231112913,0.10740035467959781,0.11300173486445564,0.16109337736052146,-0.0628436515792127,0.08018230552801188,-0.06833573535444144,-0.10173253849363599,0.14243771096055519,-0.08802009151735582,-0.00827491661986309,0.17955517348150038,-0.07872186177819283,-0.21209711178812396,-0.06072348609547101,-0.005835962506358851,0.009911550055707282,-0.03298267623713418,-0.0033542440207529334,0.07533319872470713,-0.05906265416101788,-0.047712960796408924,0.05050984117092857,0.05087569965904032,-0.023981024393854855,0.060258050541748605,-0.0556620427656637,-0.012174720336094309,-0.057814300932716244,0.11127894759407062,-0.029419246445932374,-0.08090481290664467,0.0417844502637768,-0.019595321733438843,-0.03259112742859604,-0.10861734913485419,-0.013479663679853477,0.053319774943400705,0.05333721644942691,-0.05103338017995053,-0.05103338017995053,-0.021959177239261794,0.05957045310161905
hbond_acc_bb_atom_5_P,-0.16800769530575302,-0.1690906607160987,0.18626928212278107,1.0,-0.07981857377316928,-0.03917360394186844,0.17236775681808147,-0.2460883057767715,0.1255414559543469,-0.0639304561750784,-0.01956402588006892,-0.14550097987789634,0.08516497335476693,0.11642808231543328,-0.006975016337910911,-0.14144303640168585,-0.09426800866994406,0.07935803580131703,-0.030799337720424397,-0.12680942209653845,-0.15634690978129012,0.0579424882064151,0.13408025818864866,-0.11164630549202095,-0.13297203856977052,-0.0738552953034439,-0.17119259402393694,-0.03960921711555221,0.15841044750398664,-0.025851185237429204,-0.05968558057773468,-0.08958976586203991,-0.06666035979214241,-0.03775875026956869,0.08402501150707817,0.04455631644849177,-0.054946053546593855,-0.1468952901940846,0.10894991197536301,-0.005061385759520849,-0.055819870966627584,0.10775877006342666,0.049682841372298135,-0.09648741721944457,0.07014551900837336,-0.01002784516970727,0.04455720195384419,0.1738684277375672,-0.07445256904865001,-0.12314587781406243,-0.1446500382531222,0.005800059199536212,0.02064968327383509,0.07123726091825638,-0.03810159025509239,-0.05574498065166847,0.05278718673066288,0.07562522268940094,-0.08255602767428673,-0.08079256530477409,-0.017422130733806898,-0.2675143070019387,0.07513530264171386,0.06327569461836306,-0.02188164413066144,0.14342794953865148,0.028822506553122382,0.03572402348017584,-0.09756976927319198,0.06594670657469122,-0.0976265406190093,-0.1584751366691102,-0.04485187357181343,0.06157678408326785,0.06137766628821291,-0.06727466098248357,-0.06727466098248357,-0.055973973740526844,0.1636285681673353
hbond_don_sc_atom_5_7.5_P,0.06383929106914708,0.09797643551510879,0.1347584012507818,-0.07981857377316928,1.0,0.5935227864873253,-0.16351467698379582,-0.033122279399069726,0.24312397394498148,0.01726749421701234,-0.02435683654680251,-0.06133098920792642,-0.20871020607717825,0.13445757330879066,-0.010605345038976833,0.2063263696115622,-0.09660112454601426,0.13131269759416533,0.038001320911511254,-0.056958256398717794,-0.44652902341648176,0.6140207902034494,0.3682962632172831,0.08724704274671267,0.5325553657794644,0.09130822926814357,0.06614950429383605,0.003200146213745648,0.15161719270556817,-0.15818969238262895,0.07931756294105405,0.1887900519704266,0.4027235674685987,-0.09168787992833041,-0.4334241108297428,0.006536171740386771,0.2796674265504189,0.0558933025796029,0.03429106740974164,0.3187081628800937,0.17905345200765185,0.05911749501629714,-0.21176561815186862,0.05061511781331708,0.2183612379412524,-0.2122735295633281,0.03293817761602486,0.002276387666655505,0.16236479632092599,-0.25307597279668054,0.23321074638756636,-0.04733654932543691,-0.0619126551306854,-0.23704129010917266,-0.021463124337304008,0.11482609591274633,-0.12740448892393713,0.05706243883101867,-0.051509895592449596,-0.036902556285386384,-0.042634910560811916,-0.07214639391509012,0.02395574466735084,0.07218698428726374,0.049499746914791566,-0.018095475346336577,0.07702852559586772,-0.18719060246591382,-0.02362493456943619,0.0031993627081635815,0.0020548912772317403,0.08980728198974108,0.03738715656547742,0.001740827734250364,0.0016955778774863687,-0.0034086607262628476,-0.0034086607262628476,-0.007114465705774754,-0.1048259618656419
hbond_acc_sc_atom_5_7.5_P,0.0762922217094252,0.07247371888166688,0.17265254281688527,-0.03917360394186844,0.5935227864873253,1.0,-0.12153835324052273,-0.04194220889665493,0.3320173982924473,0.09084992187831371,-0.01911057798931955,-0.01547517702494426,-0.17195327104416788,0.08442374821722011,-0.05059404833740126,0.20014085553203204,-0.13434803421946165,0.11533951412973767,0.01534313960668622,-0.07556340578973815,-0.36219950011260377,0.3952762312801365,0.6396295030383146,0.047843647337387156,0.14458987306761453,0.5556274997143813,0.020134433515218486,0.0353955908123839,0.08958026227492301,-0.16683107373063782,0.08327646165846993,0.18875685372574955,0.2741570979270109,-0.11483695800251333,-0.39975178033100794,0.35196457297844697,0.11062704235559061,0.026902319238574664,0.31859502021681846,0.272275662122832,0.07053041618568552,0.043915936551717064,-0.23394006187946936,-0.052371310926710414,0.2412391030368721,-0.24007856669266192,0.002560776844698441,-0.02904986530120887,0.1307725380037805,-0.25118574073181327,0.024123347717611703,-0.07371844220671638,0.00021106524013319352,-0.19274098211801652,0.16897320472919597,0.12395610331252815,-0.11833937604432901,0.08058564622034184,-0.07080443930923401,-0.059857119526227985,-0.03333446138105944,0.009309568910098853,0.039388755667384326,0.0637481142875079,0.0005403882806281472,-0.00411116904465948,0.08207821345279948,-0.2199115298141357,-0.03654547342913381,-0.006338683022979554,-0.037475119807082125,0.05405994235887393,-0.0006264766462439617,0.020659197591881853,0.020577313433141935,-0.02314431841148144,-0.02314431841148144,-0.020884919359181096,-0.033919529337718385
hbond_don_bb_atom_5_7.5_P,-0.06397626025868831,-0.04792981006002602,-0.3712935228587544,0.17236775681808147,-0.16351467698379582,-0.12153835324052273,1.0,0.12533388041664043,-0.06333284115474422,0.0808706923022405,-0.027068596147294607,0.30993736862028004,-0.06528327119674555,-0.014553776845579123,0.016645959079967104,-0.05275169964886686,-0.03838871587045694,0.008910731398771632,-0.0640825268596941,-0.15075406562805527,-0.20100473069390867,0.33996481437514897,0.03904908121155821,-0.19510107697169038,-0.1335570944135964,-0.07054423328112493,0.01668887352399959,-0.062301646014404605,0.08846182467587985,-0.08531757913732921,-0.03505769689142874,-0.1437183412587936,-0.02188907297519918,-0.14987889568454577,0.12168113953035485,0.02958305095945923,-0.05634651682734078,0.0012903089514163127,0.07806800880027259,-0.011068080935960817,-0.012944256380103625,0.01598883778474506,0.025025251781598427,-0.18286057618027074,0.06502402487367975,-0.04236150550905093,0.0920908340774534,0.059760797177368694,0.0007077557565345076,2.5933042000612387e-05,-0.10010271862950794,-0.11632961779254354,0.12171418124206951,0.03255717001342861,-0.03026628330527907,-0.13016906253398086,0.03291834959311927,0.04703361797032027,-0.04444808977088716,-0.03969662082948291,-0.046188160494351975,-0.17910545049917928,0.035878968408402837,-0.002508062108442972,-0.05210610024012655,-0.1856062405363501,0.035981101718827894,0.1160647313385453,-0.03504373548346885,0.017296708382912394,-0.009721986317138205,0.11993079174410952,-0.09685998154828214,-0.04164420111587972,-0.04164750480786542,0.0402508746524385,0.0402508746524385,0.01859145308087902,0.02350025072288425
hbond_acc_bb_atom_5_7.5_P,0.009328960764970643,0.03894584206283488,0.16136902298737038,-0.2460883057767715,-0.033122279399069726,-0.04194220889665493,0.12533388041664043,1.0,0.12632369542894725,-0.009920461377714376,0.008027271507219234,-0.11067451501080501,-0.06288145919159883,0.08388767667799522,0.07799177973119156,0.0033342153739525328,0.05131907858709892,-0.07014218051522803,0.07422259030264279,0.017194774216517654,-0.37819028188083254,0.1878269027236877,0.5286830934497726,-0.17975005121106752,-0.04990452844683098,-0.019929690684140952,0.12750584452255118,-0.0340087373528112,0.15809164655217017,-0.12004703311777339,0.014967202642105772,-0.04046872952057992,0.17904581985420084,-0.16470024047551152,-0.05001725713740618,-0.05942210430869844,0.05582000984475388,0.09944893602663825,-0.007299250654808225,0.1555418310274739,0.01078873877060237,0.05537172400628308,-0.030238508590996173,0.08152641051497156,-0.032892220515229595,-0.13282559852075781,0.09775009502617144,0.12995916454001075,-0.006520873489710988,-0.17942092591489317,0.02666784400948008,-0.049557191311144236,0.07877931743833544,0.0006051855852718729,-0.06883420323915466,-0.09559276132719913,-0.08631282612348216,-0.046227255237203974,0.05426213576276756,0.04997287898268671,0.02650116127703381,0.14261285607017393,-0.06848211520564025,0.002027673627713112,0.06418579535467721,0.08527402955862193,0.0019604137908087902,0.06242028098364438,0.05789675309962454,-0.007201505444677953,0.024600353899836634,-0.0068314817953689325,-0.01772815751458243,-0.057094696139965345,-0.057006211727284394,0.05872168958392199,0.05872168958392199,0.038476166731629784,0.032646902081479155
saas_P_7.5,-0.009203518647497286,0.06475494394514189,0.25684197097665296,0.1255414559543469,0.24312397394498148,0.3320173982924473,-0.06333284115474422,0.12632369542894725,1.0,0.09088324881986103,-0.00047626375368495466,-0.12290190733267804,-0.145466667967839,0.2264334989814007,-0.07329024314496432,0.12298413292585701,-0.040885888715603974,0.06569822696233682,0.06184504988078573,-0.10117377133213112,-0.30820075686173043,0.1728728007450655,0.361416539231462,-0.17712135101753324,0.039479561075400134,0.24727288745452108,-0.07912917893286453,-0.00026796968434475947,0.10265902614668791,-0.22859881701731177,-0.022028234946011808,-0.006170713286032162,0.1296234647749687,-0.1956388466815813,-0.21055027304822924,0.1987937751518781,0.21170404329979936,-0.12058370631063214,0.19481996562177706,0.1017344243147847,0.10460008137248993,0.3240507922898076,-0.11225202190382721,-0.001298831623937496,0.07057650189791062,-0.23672693643722165,0.09439864311103702,0.07078300174228927,-0.09191016015992819,-0.22513748336994793,0.025080025376886333,-0.07860642286482025,-0.016834895350891818,-0.0309129082047597,0.08254242021226565,-0.012279587370386728,-0.11646495409830708,0.01630859200328867,0.027986310059801123,0.017982651819736115,-0.021527624308061773,-0.0037971424373761144,-0.07336739715944289,0.04935529336082512,-0.06175244297894882,0.14122116670184515,0.06099998569078268,-0.022583181423659393,0.05915860285167536,-0.028669853189402614,0.03499816097924706,0.04665513005923397,0.06546456999255465,-0.0301776501423095,-0.030184004321337297,0.029017368143539748,0.029017368143539748,0.01291944119724073,0.08813338017271884
b_factor,-0.03537822430027914,-0.060130753038612816,-0.08976703534593089,-0.0639304561750784,0.01726749421701234,0.09084992187831371,0.0808706923022405,-0.009920461377714376,0.09088324881986103,1.0,-0.06134879854346664,0.11317266366223323,-0.07690909609075458,0.06441005968174093,-0.10977804170223439,0.07627154316044271,0.002333576818471501,-0.0628902282274859,0.02538856389084738,0.014741494449388041,0.012662119581525633,-0.031870528331837976,0.006178055151383919,-0.08898456492274526,0.017875387076168463,0.0916816981161392,-0.08071526272923762,-0.00721490291769899,0.0007468913170528388,-0.009102998213521351,-0.0025750553244547766,-0.0033167521301172057,-0.011832188745436975,-0.07479432026481514,0.009046173595088762,0.0633672598756172,0.02149388125048929,-0.04421981822911214,0.11994746769662007,-0.03950001785285505,0.01160618251184224,0.06908099051574348,-0.010637808702758525,-0.05502736767076629,0.08992753340750936,-0.021760041104276626,-0.006487562719255518,-0.04696041942372506,-0.06356090383220563,0.06727357731306886,0.001201546053940274,-0.10448778702684289,0.03160376415841487,-0.018179426373922485,-0.02384271085358435,-0.034861006486708195,-0.045141311352390925,0.20026860606388275,-0.1958759057111965,-0.20242761753434702,-0.03415255859119167,-0.0073262431025688645,0.16870725814348939,0.14427219992591908,-0.026670213678994893,-0.025129572810738056,0.13816300268386308,0.08481287982423345,-0.19286299064865292,0.05442249063393816,0.031729308306990736,0.06316382399953475,0.007582677474271639,-0.022612089275960593,-0.02263067632272588,0.021216901363679926,0.021216901363679926,0.007750089192123262,0.01676956568034962
disorder,-0.007647904504985322,0.032086841243704464,0.05326595752840899,-0.01956402588006892,-0.02435683654680251,-0.01911057798931955,-0.027068596147294607,0.008027271507219234,-0.00047626375368495466,-0.06134879854346664,1.0,-0.04346424768578816,0.029966636589372087,-0.008295011235023712,-0.007099484729345053,0.006570947099764309,-0.0030137815184551964,0.010898086888028577,0.06253213875766236,0.025502741607837838,0.03821352002314731,-0.015811097696695812,-0.006387283153919277,0.06440595411644946,-0.05652306221054467,0.012572733549889614,0.0021343219253967495,-0.0008874654070564238,0.04185637697477008,0.04189339432886614,-0.025247981792212812,-0.043476768842642545,-0.019276117112968626,0.06781585908166546,-0.035953515149324135,0.018718396846224346,0.004111463503516185,-0.0037609211108610104,0.023735066486156815,0.017951088904452843,-0.049565608604788876,0.017165955527660925,0.010599143940161336,0.0005903476309001243,0.020679328183325598,0.037308908982315155,-0.0379239395082822,0.03905793940611918,-0.016987695595553867,-0.047995874211212944,-0.0006740829372765794,0.09191575813803979,-0.051208380055958874,0.0016742071096934846,0.0030982694945114143,0.01362978875867264,-0.01726160671152843,0.038960056065208026,-0.037923778295658135,-0.03849491893979353,-0.024644486817302295,-0.0027637153758085717,0.027999230326179972,0.025535053141666497,-0.005009383352976311,-0.00946462618604154,0.021049780204528187,0.032288421520222335,-0.03767132533523516,-0.02145800752429843,0.005540260515038433,0.02335177224453677,-0.038959720888669454,-0.005809728553537564,-0.005810951844786471,0.005586353856481315,0.005586353856481315,0.0024872197160946585,-0.00736020338404439
ss_helix,0.004926028656633004,0.009790749391157033,-0.2535359537439807,-0.14550097987789634,-0.06133098920792642,-0.01547517702494426,0.30993736862028004,-0.11067451501080501,-0.12290190733267804,0.11317266366223323,-0.04346424768578816,1.0,-0.3894839493595242,-0.35667670632616233,-0.05093931634331696,0.10533375280278691,0.0043345909011799355,-0.018545553628004637,-0.10020352584614602,-0.03651651777281146,0.13164494584685546,0.033710235607179555,-0.11402329699846446,0.08556265547318012,0.010654393658490392,0.019601142258012173,-0.04729493711418228,0.09110966846942993,0.01664369082227876,0.09526333023997703,0.04401825881345965,0.019121146062687555,-0.07274849597911506,-0.01053990099082256,0.02246961940519515,0.08755489104183244,-0.0034538832271117435,-0.03634416482322168,0.010423244360156498,-0.07946190588612126,0.11971024338273656,-0.08273905605633078,-0.015006156867632441,-0.04743420594024695,-0.063008600822697,-0.018061019571487927,-0.04061605294878069,-0.19593246975599604,0.08697271295192824,0.2003005235314681,0.023661739490260156,-0.03612171638275356,0.1611166398887341,-0.1979779627958847,0.10171069253121519,0.025494923074877354,0.06357830000574985,0.022640966341636776,-0.03868187390501816,-0.015514178941469592,-0.18808832107096804,-0.26876984436206697,-0.007508691453471093,-0.07941424475623274,-0.10849265859286565,-0.5929502149770443,0.037932573693409556,0.11925925577093965,-0.05156873049556089,-0.05513560668328968,-0.01698856323198463,0.535619996663012,-0.1115242371076633,-0.028849277636178144,-0.0288553521142788,0.027740069418808,0.027740069418808,0.012350747796658967,-0.11490715453010805
ss_beta,-0.1254988061027906,-0.13664410158374923,0.033522701458842785,0.08516497335476693,-0.20871020607717825,-0.17195327104416788,-0.06528327119674555,-0.06288145919159883,-0.145466667967839,-0.07690909609075458,0.029966636589372087,-0.3894839493595242,1.0,-0.24352817468264007,-0.053584393456399114,-0.13761121516063718,0.05023016763839689,-0.04106103497583824,-0.02280992820645059,-0.03644944375981835,0.18263833599553406,-0.2449314772476713,-0.20158260402403524,-0.05114682961421485,-0.1773196044691458,-0.15606644110758083,-0.05717867737314581,-0.05645310090486208,-0.105857434606202,0.03274177508535853,-0.07475838276221444,-0.06332200809386156,-0.18398722284995545,0.15113776269337423,0.2544924862703979,-0.13890454065396476,-0.21935082671791684,-0.0385986687127014,-0.06945533779399751,-0.1037931341456667,-0.1484142076839227,-0.08352216127086252,0.16827595130952677,-0.11103569439907231,0.01237039387159078,0.2741441809327953,-0.025222576814026298,0.07578390291764345,-0.09034694967369712,0.022656702283649383,-0.16859619082031846,-0.0026729543197383655,-0.07789509882106471,0.3057168466452836,-0.11548119975093739,-0.0529914394815613,0.04220277803690008,-0.060731674072485385,0.0671707596715659,0.0465314017528562,0.11664940531440368,0.14731899988258648,0.041317541487436014,-0.06286793080687714,-0.044289568896393586,0.3630117262147707,-0.14230061320671658,0.061997043206785125,0.07811347112219869,-0.024130862605222448,0.020587060769571033,-0.36150252277132683,0.014974568778917043,-0.019697422901585805,-0.01970157037333754,0.01894008874511276,0.01894008874511276,0.008432720762357682,0.10864590526392358
ss_loop,0.03349826990075152,0.028674436917395105,0.03698050442818054,0.11642808231543328,0.13445757330879066,0.08442374821722011,-0.014553776845579123,0.08388767667799522,0.2264334989814007,0.06441005968174093,-0.008295011235023712,-0.35667670632616233,-0.24352817468264007,1.0,0.015198803267600985,-0.047727483629095666,-0.05481878337926326,0.04425423297199825,0.07041251546007075,-0.004291269556379003,-0.17522562773034597,0.10976528368867372,0.16763180642178666,-0.05755315521153874,0.0910093816670893,0.08976210868042533,0.00753262471497081,-0.01082805972138845,0.0864441704407432,-0.08697187943003609,-0.01747270002902097,-0.067368012935966,0.1430834020453266,-0.1284979692156922,-0.1138322347253402,0.03807321085333821,0.09518245812433315,-0.023497333349693995,0.0850417937463949,0.06415367292947259,0.033796948671281885,0.13828584958361556,-0.09039456464342178,0.09971863465546477,0.055097266161950674,-0.19315272755200458,0.0700197713610854,0.123321155306676,-0.07720034714784751,-0.14564501127110058,0.044071099134548576,0.0020847226391304085,0.0020798092131575543,-0.043753860844062006,-0.025573462774270625,0.00027974996522894417,-0.059799320006635216,0.04884776345616771,-0.04145711268706976,-0.046930328907639055,0.06547316361855922,-0.010922538790771215,-0.0007305662518231151,0.0966224197410383,0.11575211472965154,0.2496451732134208,0.06054380070123948,-0.025726533995838238,-0.023918751309364904,0.055723012565614245,-0.0023030622881761147,0.01491656343587507,0.0979559418408244,0.08088354839129001,0.080900579158909,-0.07777370634750988,-0.07777370634750988,-0.03462729014146723,0.006055351280915007
disulfide_bridge,0.012195121925333374,0.014124936254368035,0.016183650703126128,-0.006975016337910911,-0.010605345038976833,-0.05059404833740126,0.016645959079967104,0.07799177973119156,-0.07329024314496432,-0.10977804170223439,-0.007099484729345053,-0.05093931634331696,-0.053584393456399114,0.015198803267600985,1.0,-0.11830933329809763,0.010328827345940806,0.011396739618606728,0.02668697932938776,0.17901112577019732,-0.06599140815887045,0.13546106618980325,0.06044702064635504,0.049490028875841384,-0.0025464600192261506,-0.06400372775119023,0.3045186434472147,0.01104825110378368,0.05801815520400069,0.027282637271177697,-0.026761704268317445,0.00688748206115344,0.19349026483742188,0.012029791847602151,-0.1294980270231104,-0.07692012073540258,0.006682873393755257,0.2726294672247164,-0.051863979029902085,-0.011580189353052826,-0.012974871555075953,-0.0015075246415166936,0.005237033049766099,0.14908908829562506,0.0776269747141653,0.0041524244444893785,0.0012573638260833444,-0.0069614957439671395,0.0463094300099988,-0.13906654180109532,-0.020658549272930947,0.08358178793993844,-0.018598962600968223,-0.07125536693422915,-0.05232929602970036,-0.03740507762494875,-0.002907993482825296,-0.2502227228640333,0.24186384228310623,0.2298715816912198,0.03674660020369487,-0.032032737460748056,-0.2990497363199372,-0.0921044647321329,0.036141239442310444,0.03622249103196807,-0.04738354397953751,0.04599075075877742,0.19762831984072474,0.021617235058690572,0.0667979640245786,-0.0009892042918150734,0.03675096401422349,-0.007955493750718454,-0.007957168852368414,0.007649617841005324,0.007649617841005324,0.0034058494688200738,-0.07011768382252212
pocket,0.12729401147470382,0.16730523446256756,-0.08109703154234962,-0.14144303640168585,0.2063263696115622,0.20014085553203204,-0.05275169964886686,0.0033342153739525328,0.12298413292585701,0.07627154316044271,0.006570947099764309,0.10533375280278691,-0.13761121516063718,-0.047727483629095666,-0.11830933329809763,1.0,-0.0358554586833445,0.0111334199988279,0.09958068434382246,-0.12299384941941244,-0.14249235876721406,0.10914114723930539,0.11509823770573163,-0.03649226101815902,0.16581278676986277,0.13600417469138149,-0.05076296266306991,0.03732585645111864,0.02106334079815599,-0.10595135865707442,0.038701155616934706,0.08168245462086642,0.07985241526998875,-0.13949972105098493,-0.0700187522164082,0.05148061874571102,0.10881324585844811,-0.04870615317411055,-0.031681222046765226,0.05132403546470895,0.09005740718620862,-0.00641921805020457,-0.08344645200146086,0.057014813935633825,-0.03435156635993947,-0.15902981089318982,0.055796405939627466,-0.05667189714063031,0.03865542163930177,-0.026571456519325635,0.1393260836044226,-0.10143784200740819,0.03856509672410799,-0.02532659779418393,0.09258551399722134,0.008997860806627225,0.00724883328322852,0.11108610921927249,-0.1053669998756312,-0.09938335464142674,-0.07457486722666405,0.030031286191670576,0.09052335058090251,0.08668006502089498,0.059984311199161304,-0.07613427685203955,0.11161728616909296,-0.09276585089588532,-0.0776652150392793,-0.00412786313616099,0.006659662151717737,0.0793705069567355,0.046915732786770914,-0.03778118917227222,-0.03778914434567854,0.03632856335541841,0.03632856335541841,0.01617461431129311,-0.10205121781134255
1D_prox_left_7.5,-0.031760789015956595,-0.059807710930514846,-0.02199788896777507,-0.09426800866994406,-0.09660112454601426,-0.13434803421946165,-0.03838871587045694,0.05131907858709892,-0.040885888715603974,0.002333576818471501,-0.0030137815184551964,0.0043345909011799355,0.05023016763839689,-0.05481878337926326,0.010328827345940806,-0.0358554586833445,1.0,-0.8533062427286514,-0.004222029707474877,-0.037465871205601194,0.0932845535237827,-0.09490414314435594,-0.10600977257491806,0.07874839253137131,0.013276474082393755,-0.050508653599084276,-0.014877899573971403,0.05951337199260289,-0.03738098821745752,0.06502909264554771,0.046364303985975505,-0.01019211196003189,-0.07871746775812644,0.042212944434093895,0.11857259869403933,-0.02148738018588555,-0.1230710378073531,-0.009409088244712042,-0.013618740281255915,-0.1017304865788432,-0.03457024513589372,-0.08352977514992395,0.0023992362600099284,0.018233451541185466,0.006256258792452344,0.027576851414725243,-0.05160719383491964,-0.02340976349660162,-0.05670344945824411,0.07157224566654392,-0.0510265848734023,0.08950476271426554,0.0965276293299092,0.026797251715301066,-0.01537169801615346,-0.016855147003253423,0.08877706665897271,-0.08409993930525478,0.09476798252172632,0.09045823381907923,-0.015914293824886804,-0.009565245826287769,-0.06524972352417169,-0.049852320881280006,-0.03753882380885832,-0.07498336293968795,-0.0698875246937617,0.0666648833195202,0.10808812282201614,-0.023519146929916957,-0.01876951250070943,-0.0552674739328434,0.012452047143802865,0.009473951003876439,0.009227596823029639,-0.01855425955577599,-0.01855425955577599,-0.038731675322105225,-0.006925062171032278
1D_prox_right_7.5,0.013451836096057608,0.04082283174605246,0.02628384647041321,0.07935803580131703,0.13131269759416533,0.11533951412973767,0.008910731398771632,-0.07014218051522803,0.06569822696233682,-0.0628902282274859,0.010898086888028577,-0.018545553628004637,-0.04106103497583824,0.04425423297199825,0.011396739618606728,0.0111334199988279,-0.8533062427286514,1.0,0.00420841651138811,0.04411208588941948,-0.08772315561018515,0.11107007854388608,0.08017609443392874,-0.040813522228636656,0.062380965588533635,0.05504843609839575,-0.017109235746648358,0.012064136970209005,0.05417506485906872,-0.05241315500830003,-0.034430669518928474,0.0469000921649361,0.07825074440606473,-0.036266586002186,-0.14183022401192003,0.03657350502098673,0.14551061227653275,-0.038995587680357297,-0.00833444687401877,0.08611227526632384,0.062210521424891446,0.06419869088912213,-0.03397751349263817,0.04454855538547811,-0.0068490803225918166,-0.024213691805027415,0.013323328719982527,0.002707816119903902,0.07446783536736583,-0.04071915074668877,0.09233176878997894,-0.046389791115071397,-0.0918905544402274,-0.06164001038935196,0.053487693808845764,-0.004247744991071362,-0.09800742964546215,-0.07379812634357681,0.07622370908139976,0.0748372529367717,0.03399387545044785,-0.007168876380666714,-0.07607909319490878,-0.06710135780742038,0.02952907034204571,0.0841330574900467,-0.073926972921735,-0.054070179169881084,0.04730181264333407,-0.0029378889871159207,0.07378432125500076,0.05926266521369724,0.009646589415012978,-0.015858767816043843,-0.015602460040658456,0.025123245831665662,0.025123245831665662,0.043042578733890745,-0.016564064469993322
3D_prox_right_7.5,-0.02665259135493775,0.05043973182063237,0.013958430630457696,-0.030799337720424397,0.038001320911511254,0.01534313960668622,-0.0640825268596941,0.07422259030264279,0.06184504988078573,0.02538856389084738,0.06253213875766236,-0.10020352584614602,-0.02280992820645059,0.07041251546007075,0.02668697932938776,0.09958068434382246,-0.004222029707474877,0.00420841651138811,1.0,-0.006224246620423098,0.0076562683472387386,-0.023786469482454328,0.07123395267404266,0.021598875039835323,-0.04599757149229488,-0.008373149316118423,-0.03704475436850012,0.002813324920503756,0.06528619449364058,-0.005301386895056797,-0.03072830355080641,-0.07306621718049425,0.043645828386758546,-0.01309360271718355,-0.003048702073209008,-0.0695457839788359,0.01977546414232848,-0.030338749888341926,0.013082042383330482,0.032196141319745644,0.003140865461050767,0.08885030336407984,0.0780085321848638,0.044467152396340096,0.025666810506538636,-0.06259799049713036,0.007181822806812461,-0.003301656221679229,-0.025346983751109928,-0.0997826885758268,-0.04900911965414622,0.0077805638259420004,0.012378132225543294,0.07015475277575214,-0.09931037885468892,0.04349201195140756,-0.07825247035681168,0.0021702792401617583,0.0013054482986135621,-0.008837713428849358,-0.001964451182968425,-0.03384174338695756,4.52667152710037e-05,0.03560002384308681,0.0689922873911846,0.05760139258476995,0.018282277585397227,0.013711405017529233,-0.014274105479631104,-0.0050039799012169305,-0.02893556833029947,-0.003129960158901599,0.027883674573018043,-0.0318842283439627,-0.031890941858570304,0.030658331164503443,0.030658331164503443,0.013650049333420266,0.11419216241118467
steric_P_7.5,0.11121101573429344,0.0120595869880455,0.09147808047711556,-0.12680942209653845,-0.056958256398717794,-0.07556340578973815,-0.15075406562805527,0.017194774216517654,-0.10117377133213112,0.014741494449388041,0.025502741607837838,-0.03651651777281146,-0.03644944375981835,-0.004291269556379003,0.17901112577019732,-0.12299384941941244,-0.037465871205601194,0.04411208588941948,-0.006224246620423098,1.0,0.007548780727997219,0.07525268353886991,-0.0031260745946288674,0.14536262738521846,0.015301227868415866,-0.05712186169759621,0.2369965808007685,-0.00507789494197241,0.10804779879386467,0.07874211579393003,-0.015999736549703138,0.0015842583310625702,0.10783950650173256,0.07525130113506773,-0.14854385435605474,-0.06856172185549919,0.09338906019162073,0.22398677024564811,-0.11116572917896289,-0.007086923741622232,-0.0011397036630998293,-0.00017637572479177338,-0.07490437442581632,0.12281129345567024,-0.06547743897747019,0.016222327183881495,0.02425983404511709,0.014670887191628833,0.07378824637286453,-0.074300672483568,0.08573412052766384,0.095323049874472,-0.05347464731085356,-0.08165738453078619,0.009658407155450958,0.0476568235714671,-0.029189627662548064,-0.19882037411934,0.1713047142997949,0.1794076066559521,0.04088336321059367,-0.004906458413928886,-0.16941813043540507,-0.12458236511683439,0.037659092342430506,0.046156451961569395,-0.08543176267625911,0.07175696042276883,0.13863402894238142,0.019575420494489508,0.04252899823868145,0.031811870543162535,0.04963783111986057,-0.017666294272410777,-0.017670014071534665,0.01698705373735964,0.01698705373735964,0.007563168402750051,-0.10286374975078023
HPB_P_7.5,-0.24546924168794948,-0.20133672591112123,-0.2643421862480262,-0.15634690978129012,-0.44652902341648176,-0.36219950011260377,-0.20100473069390867,-0.37819028188083254,-0.30820075686173043,0.012662119581525633,0.03821352002314731,0.13164494584685546,0.18263833599553406,-0.17522562773034597,-0.06599140815887045,-0.14249235876721406,0.0932845535237827,-0.08772315561018515,0.0076562683472387386,0.007548780727997219,1.0,-0.6935507768004281,-0.6085351795526266,0.4964405875714102,-0.3132362213858165,-0.16374299897870084,-0.1345031191251165,0.15700632389216485,-0.22332500944385258,0.38249303547393754,-0.11104748228343683,-0.11852254218308692,-0.4449066540762828,0.5403928533497862,0.18677145681417634,-0.04703468910174237,-0.20943174599265096,-0.1291342367637798,-0.04180603228694345,-0.31053239475671507,-0.0672621090483331,-0.11637581421897142,0.12729641179082166,-0.13266705073319082,-0.1953739573198504,0.497521145348265,-0.12960656321606184,-0.21590888233735234,-0.09736645789819658,0.2926154589312555,-0.11391999206432034,0.1774195544214518,-0.08840297191353544,0.10538755432570127,-0.02324770092542535,0.23487576615841702,0.12663472436911977,-0.030247066334298498,0.021484949166326667,0.011194242297652722,0.02662972169609351,0.06582104822803783,0.014356542402355071,-0.04023478623952982,-0.051665751558137914,-0.05242310125245217,-0.07350209116481346,0.06541912382866646,-0.00643062817111891,-0.033079281175315986,-0.0011662161822417146,0.02772793991351962,-0.0331900048412563,-0.01717463114484437,-0.017132723724731853,0.01824553361505241,0.01824553361505241,0.013708931504013476,-0.0177071970739998
DON_P_7.5,0.37296423096009207,0.27107164815126866,0.23931960619869536,0.0579424882064151,0.6140207902034494,0.3952762312801365,0.33996481437514897,0.1878269027236877,0.1728728007450655,-0.031870528331837976,-0.015811097696695812,0.033710235607179555,-0.2449314772476713,0.10976528368867372,0.13546106618980325,0.10914114723930539,-0.09490414314435594,0.11107007854388608,-0.023786469482454328,0.07525268353886991,-0.6935507768004281,1.0,0.5156437992515083,-0.015613439499236055,0.4491700599782217,0.04878058494581007,0.3154128073468423,-0.03275141328840569,0.3201917024017728,-0.2035213405883231,0.09913313621604966,0.15980010200772732,0.4895697247951093,-0.16344033156587326,-0.4294988288108269,0.012110779549585686,0.2146674858096096,0.2905735327161323,0.05423632182369017,0.3257500596474053,0.0632858769385801,-0.03803538779700326,-0.2362417552247647,0.13621505386114793,0.21043810854688866,-0.2744714358549002,0.06855233822682888,0.11641978680062931,0.20958613618664335,-0.34674174488191156,0.20984141428020264,-0.027638178301707155,0.05059370041448592,-0.29073315117306653,-0.03170456395360303,0.051910338596846586,-0.14309213573508534,-0.010557057072801641,0.010636797818471577,0.02537350455694463,-0.07059721193211,-0.1338431572915157,-0.05800631734513918,0.029223006483372966,0.01653378510475031,-0.08119743225052214,0.06820270106934939,-0.09019228200438038,0.020805738009249567,-0.011457447558677157,0.0052544408981809905,0.10256778840064545,0.0122695366383246,-0.021293414867366214,-0.02132206073154307,0.019555837745111805,0.019555837745111805,0.005742316144815447,-0.08857429318995126
ACP_P_7.5,0.18550953826297661,0.3512832215727712,0.316025394866397,0.13408025818864866,0.3682962632172831,0.6396295030383146,0.03904908121155821,0.5286830934497726,0.361416539231462,0.006178055151383919,-0.006387283153919277,-0.11402329699846446,-0.20158260402403524,0.16763180642178666,0.06044702064635504,0.11509823770573163,-0.10600977257491806,0.08017609443392874,0.07123395267404266,-0.0031260745946288674,-0.6085351795526266,0.5156437992515083,1.0,-0.06022693124546154,0.0807545565806518,0.49056486024910856,0.1313634932848986,0.0011876711241147852,0.2655789745576752,-0.19048037236482246,0.10632876843050312,0.14096536943612262,0.31811130607727206,-0.18664990210287938,-0.37108741533542866,0.29288093076220084,0.12514739272528427,0.1193410622735638,0.3010475666489763,0.32043539520696035,0.05691901584379519,0.08304992644020817,-0.20947273786683673,0.027679348145347078,0.169539340030743,-0.30402966863952846,-0.011749134440873008,0.14451925627013082,0.1317337605561883,-0.40620844434025666,0.0026442594419299375,-0.0417041818332243,0.036792479728973794,-0.1870535116829008,0.10945241413103733,0.055112538013040245,-0.06017871879195073,0.02634506789858366,-0.016453915449499947,-0.01029253826208984,-0.027482538408867732,-0.02728088191025723,-0.02260838556938543,0.061480724929805365,0.0299997031946099,0.10210784747232422,0.07069122717993707,-0.14329826662172754,0.00930798992823196,0.020934539208548753,-0.04232358520282562,-5.4540493811826245e-05,-0.028616290303334138,-0.030543796163980605,-0.03057481795359758,0.028434273609768034,0.028434273609768034,0.009642739913937241,0.04783157982900461
